% Column 0: Length, m
% Column 1: |B|, Tesla
0.00000000e+000	0.00000000e+000	
1.55438390e-005	5.17913984e-003	
3.10876779e-005	5.58151083e-003	
4.66315169e-005	6.70542830e-003	
6.21753558e-005	8.20040563e-003	
7.77191948e-005	9.89974315e-003	
9.32630337e-005	1.17148433e-002	
1.08806873e-004	1.35634518e-002	
1.24350712e-004	1.53895159e-002	
1.39894551e-004	1.72417102e-002	
1.55438390e-004	1.91124396e-002	
1.70982228e-004	2.09967502e-002	
1.86526067e-004	2.28643878e-002	
2.02069906e-004	2.48410584e-002	
2.17613745e-004	2.68230114e-002	
2.33157584e-004	2.88091565e-002	
2.48701423e-004	3.07986828e-002	
2.64245262e-004	3.27909748e-002	
2.79789101e-004	3.47855573e-002	
2.95332940e-004	3.67820577e-002	
3.10876779e-004	3.87801798e-002	
3.26420618e-004	4.07796852e-002	
3.41964457e-004	4.25447865e-002	
3.57508296e-004	4.34290998e-002	
3.73052135e-004	4.43213140e-002	
3.88595974e-004	4.52209615e-002	
4.04139813e-004	4.61276073e-002	
4.19683652e-004	4.70408469e-002	
4.35227491e-004	4.79603036e-002	
4.50771330e-004	4.88856265e-002	
4.66315169e-004	4.98164887e-002	
4.81859008e-004	5.07525856e-002	
4.97402847e-004	5.21439960e-002	
5.12946685e-004	5.40418143e-002	
5.28490524e-004	5.59396491e-002	
5.44034363e-004	5.78374990e-002	
5.59578202e-004	5.97353624e-002	
5.75122041e-004	6.16332381e-002	
5.90665880e-004	6.35311250e-002	
6.06209719e-004	6.54290222e-002	
6.21753558e-004	6.73269287e-002	
6.37297397e-004	6.92248438e-002	
6.52841236e-004	7.14588201e-002	
6.68385075e-004	7.43290662e-002	
6.83928914e-004	7.71995318e-002	
6.99472753e-004	8.00701934e-002	
7.15016592e-004	8.29410305e-002	
7.30560431e-004	8.58120256e-002	
7.46104270e-004	8.86831632e-002	
7.61648109e-004	9.15544301e-002	
7.77191948e-004	9.44258144e-002	
7.92735787e-004	9.72973057e-002	
8.08279626e-004	9.95526224e-002	
8.23823465e-004	1.01450700e-001	
8.39367303e-004	1.03348917e-001	
8.54911142e-004	1.05247266e-001	
8.70454981e-004	1.07145741e-001	
8.85998820e-004	1.09044335e-001	
9.01542659e-004	1.10943041e-001	
9.17086498e-004	1.12841853e-001	
9.32630337e-004	1.14740768e-001	
9.48174176e-004	1.16639779e-001	
9.63718015e-004	1.18786145e-001	
9.79261854e-004	1.21392885e-001	
9.94805693e-004	1.24001457e-001	
1.01034953e-003	1.26611750e-001	
1.02589337e-003	1.29223658e-001	
1.04143721e-003	1.31837086e-001	
1.05698105e-003	1.34451944e-001	
1.07252489e-003	1.37068152e-001	
1.08806873e-003	1.39685633e-001	
1.10361257e-003	1.42304318e-001	
1.11915640e-003	1.44924140e-001	
1.13470024e-003	1.47545039e-001	
1.15024408e-003	1.50166959e-001	
1.16578792e-003	1.52789847e-001	
1.18133176e-003	1.55413655e-001	
1.19687560e-003	1.58038336e-001	
1.21241944e-003	1.60663848e-001	
1.22796328e-003	1.63290150e-001	
1.24350712e-003	1.65917205e-001	
1.25905096e-003	1.68537117e-001	
1.27459479e-003	1.70457483e-001	
1.29013863e-003	1.71686227e-001	
1.30568247e-003	1.72915018e-001	
1.32122631e-003	1.74143854e-001	
1.33677015e-003	1.75372735e-001	
1.35231399e-003	1.76601659e-001	
1.36785783e-003	1.77830627e-001	
1.38340167e-003	1.79059636e-001	
1.39894551e-003	1.80288686e-001	
1.41448934e-003	1.81517777e-001	
1.43003318e-003	1.82746907e-001	
1.44557702e-003	1.83976076e-001	
1.46112086e-003	1.85205283e-001	
1.47666470e-003	1.86434526e-001	
1.49220854e-003	1.87663806e-001	
1.50775238e-003	1.88893122e-001	
1.52329622e-003	1.90122473e-001	
1.53884006e-003	1.91351858e-001	
1.55438390e-003	1.92581277e-001	
1.56992773e-003	1.93810729e-001	
1.58547157e-003	1.94734403e-001	
1.60101541e-003	1.95642717e-001	
1.61655925e-003	1.96552709e-001	
1.63210309e-003	1.97464355e-001	
1.64764693e-003	1.98377633e-001	
1.66319077e-003	1.99292521e-001	
1.67873461e-003	2.00208995e-001	
1.69427845e-003	2.01127035e-001	
1.70982228e-003	2.02046620e-001	
1.72536612e-003	2.02967727e-001	
1.74090996e-003	2.03890337e-001	
1.75645380e-003	2.04814430e-001	
1.77199764e-003	2.05739984e-001	
1.78754148e-003	2.06666982e-001	
1.80308532e-003	2.07595402e-001	
1.81862916e-003	2.08525227e-001	
1.83417300e-003	2.09456438e-001	
1.84971684e-003	2.10389016e-001	
1.86526067e-003	2.11322942e-001	
1.88080451e-003	2.12688211e-001	
1.89634835e-003	2.15192815e-001	
1.91189219e-003	2.17918630e-001	
1.92743603e-003	2.20644528e-001	
1.94297987e-003	2.23370504e-001	
1.95852371e-003	2.26096557e-001	
1.97406755e-003	2.28822683e-001	
1.98961139e-003	2.31548879e-001	
2.00515523e-003	2.34275144e-001	
2.02069906e-003	2.37001476e-001	
2.03624290e-003	2.39727870e-001	
2.05178674e-003	2.42454327e-001	
2.06733058e-003	2.45180843e-001	
2.08287442e-003	2.47907416e-001	
2.09841826e-003	2.50634045e-001	
2.11396210e-003	2.53360728e-001	
2.12950594e-003	2.56087463e-001	
2.14504978e-003	2.58814249e-001	
2.16059361e-003	2.61541084e-001	
2.17613745e-003	2.64267965e-001	
2.19168129e-003	2.66994893e-001	
2.20722513e-003	2.69721866e-001	
2.22276897e-003	2.72448882e-001	
2.23831281e-003	2.75175939e-001	
2.25385665e-003	2.77903038e-001	
2.26940049e-003	2.80630176e-001	
2.28494433e-003	2.83357352e-001	
2.30048817e-003	2.86084566e-001	
2.31603200e-003	2.88811815e-001	
2.33157584e-003	2.91539100e-001	
2.34711968e-003	2.94266420e-001	
2.36266352e-003	2.96993772e-001	
2.37820736e-003	2.99721157e-001	
2.39375120e-003	3.02448574e-001	
2.40929504e-003	3.05176021e-001	
2.42483888e-003	3.07903498e-001	
2.44038272e-003	3.10631004e-001	
2.45592655e-003	3.13358538e-001	
2.47147039e-003	3.16086100e-001	
2.48701423e-003	3.18813688e-001	
2.50255807e-003	3.21288917e-001	
2.51810191e-003	3.24515015e-001	
2.53364575e-003	3.27797284e-001	
2.54918959e-003	3.31079562e-001	
2.56473343e-003	3.34361849e-001	
2.58027727e-003	3.37644145e-001	
2.59582111e-003	3.40926448e-001	
2.61136494e-003	3.44208760e-001	
2.62690878e-003	3.47491079e-001	
2.64245262e-003	3.50773406e-001	
2.65799646e-003	3.54055740e-001	
2.67354030e-003	3.57338082e-001	
2.68908414e-003	3.60620430e-001	
2.70462798e-003	3.63902785e-001	
2.72017182e-003	3.67185147e-001	
2.73571566e-003	3.70467515e-001	
2.75125949e-003	3.73749889e-001	
2.76680333e-003	3.77032269e-001	
2.78234717e-003	3.80314656e-001	
2.79789101e-003	3.83597048e-001	
2.81343485e-003	3.86879445e-001	
2.82897869e-003	3.90161848e-001	
2.84452253e-003	3.93444257e-001	
2.86006637e-003	3.96726670e-001	
2.87561021e-003	4.00009089e-001	
2.89115405e-003	4.03291513e-001	
2.90669788e-003	4.06573941e-001	
2.92224172e-003	4.09856374e-001	
2.93778556e-003	4.13138812e-001	
2.95332940e-003	4.16421254e-001	
2.96887324e-003	4.19703701e-001	
2.98441708e-003	4.22986152e-001	
2.99996092e-003	4.26268607e-001	
3.01550476e-003	4.29551066e-001	
3.03104860e-003	4.32833529e-001	
3.04659243e-003	4.36115997e-001	
3.06213627e-003	4.39398468e-001	
3.07768011e-003	4.42680942e-001	
3.09322395e-003	4.45963421e-001	
3.10876779e-003	4.49258217e-001	
3.12431163e-003	4.52650578e-001	
3.13985547e-003	4.57549527e-001	
3.15539931e-003	4.62449012e-001	
3.17094315e-003	4.67349017e-001	
3.18648699e-003	4.72249525e-001	
3.20203082e-003	4.77150522e-001	
3.21757466e-003	4.82051993e-001	
3.23311850e-003	4.86953922e-001	
3.24866234e-003	4.91856297e-001	
3.26420618e-003	4.96759104e-001	
3.27975002e-003	5.01662331e-001	
3.29529386e-003	5.06565964e-001	
3.31083770e-003	5.11469994e-001	
3.32638154e-003	5.16374407e-001	
3.34192538e-003	5.21279195e-001	
3.35746921e-003	5.26184345e-001	
3.37301305e-003	5.31089848e-001	
3.38855689e-003	5.35995695e-001	
3.40410073e-003	5.40901875e-001	
3.41964457e-003	5.45808380e-001	
3.43518841e-003	5.50267420e-001	
3.45073225e-003	5.55031844e-001	
3.46627609e-003	5.59989352e-001	
3.48181993e-003	5.64946864e-001	
3.49736376e-003	5.69904381e-001	
3.51290760e-003	5.74861903e-001	
3.52845144e-003	5.79819430e-001	
3.54399528e-003	5.84776961e-001	
3.55953912e-003	5.89734496e-001	
3.57508296e-003	5.94692035e-001	
3.59062680e-003	5.99649579e-001	
3.60617064e-003	6.04607127e-001	
3.62171448e-003	6.09564679e-001	
3.63725832e-003	6.14522234e-001	
3.65280215e-003	6.19479793e-001	
3.66834599e-003	6.24437356e-001	
3.68388983e-003	6.29394923e-001	
3.69943367e-003	6.34352493e-001	
3.71497751e-003	6.39310066e-001	
3.73052135e-003	6.44267643e-001	
3.74606519e-003	6.47974975e-001	
3.76160903e-003	6.51446464e-001	
3.77715287e-003	6.55661902e-001	
3.79269670e-003	6.59878273e-001	
3.80824054e-003	6.64095559e-001	
3.82378438e-003	6.68313744e-001	
3.83932822e-003	6.72532810e-001	
3.85487206e-003	6.76752741e-001	
3.87041590e-003	6.80973521e-001	
3.88595974e-003	6.85195134e-001	
3.90150358e-003	6.89417565e-001	
3.91704742e-003	6.93640798e-001	
3.93259126e-003	6.97864820e-001	
3.94813509e-003	7.02089616e-001	
3.96367893e-003	7.06315173e-001	
3.97922277e-003	7.10541475e-001	
3.99476661e-003	7.14768512e-001	
4.01031045e-003	7.18996268e-001	
4.02585429e-003	7.23224733e-001	
4.04139813e-003	7.28158902e-001	
4.05694197e-003	7.33703985e-001	
4.07248581e-003	7.39519195e-001	
4.08802964e-003	7.45336571e-001	
4.10357348e-003	7.51154312e-001	
4.11911732e-003	7.56972410e-001	
4.13466116e-003	7.62790857e-001	
4.15020500e-003	7.68609645e-001	
4.16574884e-003	7.74428767e-001	
4.18129268e-003	7.80248214e-001	
4.19683652e-003	7.87214080e-001	
4.21238036e-003	7.95024734e-001	
4.22792420e-003	8.03247360e-001	
4.24346803e-003	8.11522354e-001	
4.25901187e-003	8.19798202e-001	
4.27455571e-003	8.28074877e-001	
4.29009955e-003	8.36352357e-001	
4.30564339e-003	8.44630616e-001	
4.32118723e-003	8.52909633e-001	
4.33673107e-003	8.61189385e-001	
4.35227491e-003	8.70007000e-001	
4.36781875e-003	8.79328018e-001	
4.38336258e-003	8.88951533e-001	
4.39890642e-003	8.98575064e-001	
4.41445026e-003	9.08198608e-001	
4.42999410e-003	9.17822167e-001	
4.44553794e-003	9.27445739e-001	
4.46108178e-003	9.37069324e-001	
4.47662562e-003	9.46692921e-001	
4.49216946e-003	9.56316531e-001	
4.50771330e-003	9.66053131e-001	
4.52325714e-003	9.77881123e-001	
4.53880097e-003	9.91810298e-001	
4.55434481e-003	1.00574191e+000	
4.56988865e-003	1.01967587e+000	
4.58543249e-003	1.03361207e+000	
4.60097633e-003	1.04755042e+000	
4.61652017e-003	1.06149085e+000	
4.63206401e-003	1.07543327e+000	
4.64760785e-003	1.08937760e+000	
4.66315169e-003	1.10649082e+000	
4.67869553e-003	1.12451860e+000	
4.69423936e-003	1.14675630e+000	
4.70978320e-003	1.17025904e+000	
4.72532704e-003	1.19376298e+000	
4.74087088e-003	1.21726805e+000	
4.75641472e-003	1.24077419e+000	
4.77195856e-003	1.26428133e+000	
4.78750240e-003	1.28778943e+000	
4.80304624e-003	1.31199139e+000	
4.81859008e-003	1.33806713e+000	
4.83413391e-003	1.37066426e+000	
4.84967775e-003	1.41505122e+000	
4.86522159e-003	1.45944135e+000	
4.88076543e-003	1.50383436e+000	
4.89630927e-003	1.55208462e+000	
4.91185311e-003	1.60212969e+000	
4.92739695e-003	1.73006696e+000	
4.94294079e-003	1.86575920e+000	
4.95848463e-003	2.00152035e+000	
4.97402847e-003	2.10922342e+000	
4.98957230e-003	2.21207854e+000	
5.00511614e-003	2.22386527e+000	
5.02065998e-003	2.04634332e+000	
5.03620382e-003	1.90445445e+000	
5.05174766e-003	1.81182475e+000	
5.06729150e-003	1.71932974e+000	
5.08283534e-003	1.62167349e+000	
5.09837918e-003	1.57303960e+000	
5.11392302e-003	1.52443693e+000	
5.12946685e-003	1.47586857e+000	
5.14501069e-003	1.42733802e+000	
5.16055453e-003	1.37884928e+000	
5.17609837e-003	1.33040691e+000	
5.19164221e-003	1.29849857e+000	
5.20718605e-003	1.27297687e+000	
5.22272989e-003	1.24746652e+000	
5.23827373e-003	1.22196822e+000	
5.25381757e-003	1.19648275e+000	
5.26936141e-003	1.17101094e+000	
5.28490524e-003	1.14555370e+000	
5.30044908e-003	1.12011203e+000	
5.31599292e-003	1.09468701e+000	
5.33153676e-003	1.06962535e+000	
5.34708060e-003	1.05008369e+000	
5.36262444e-003	1.03059998e+000	
5.37816828e-003	1.01304537e+000	
5.39371212e-003	9.98578289e-001	
5.40925596e-003	9.84116279e-001	
5.42479979e-003	9.69659566e-001	
5.44034363e-003	9.55208389e-001	
5.45588747e-003	9.40763004e-001	
5.47143131e-003	9.26323681e-001	
5.48697515e-003	9.11890710e-001	
5.50251899e-003	8.97464395e-001	
5.51806283e-003	8.83045064e-001	
5.53360667e-003	8.69432720e-001	
5.54915051e-003	8.60255957e-001	
5.56469435e-003	8.51083858e-001	
5.58023818e-003	8.42057434e-001	
5.59578202e-003	8.33173793e-001	
5.61132586e-003	8.24290174e-001	
5.62686970e-003	8.15406578e-001	
5.64241354e-003	8.06523005e-001	
5.65795738e-003	7.97639457e-001	
5.67350122e-003	7.88755934e-001	
5.68904506e-003	7.79872437e-001	
5.70458890e-003	7.70988967e-001	
5.72013273e-003	7.62105525e-001	
5.73567657e-003	7.53222111e-001	
5.75122041e-003	7.45311703e-001	
5.76676425e-003	7.37745726e-001	
5.78230809e-003	7.30630938e-001	
5.79785193e-003	7.23516172e-001	
5.81339577e-003	7.16401427e-001	
5.82893961e-003	7.09286706e-001	
5.84448345e-003	7.02172007e-001	
5.86002729e-003	6.95045703e-001	
5.87557112e-003	6.87884156e-001	
5.89111496e-003	6.80722958e-001	
5.90665880e-003	6.73562120e-001	
5.92220264e-003	6.66401654e-001	
5.93774648e-003	6.59241571e-001	
5.95329032e-003	6.52081885e-001	
5.96883416e-003	6.44922609e-001	
5.98437800e-003	6.37763756e-001	
5.99992184e-003	6.30605341e-001	
6.01546568e-003	6.26415077e-001	
6.03100951e-003	6.22251353e-001	
6.04655335e-003	6.18087641e-001	
6.06209719e-003	6.13411571e-001	
6.07764103e-003	6.08588154e-001	
6.09318487e-003	6.03764981e-001	
6.10872871e-003	5.98942056e-001	
6.12427255e-003	5.94119386e-001	
6.13981639e-003	5.89296978e-001	
6.15536023e-003	5.84474837e-001	
6.17090406e-003	5.79652970e-001	
6.18644790e-003	5.74831384e-001	
6.20199174e-003	5.70010087e-001	
6.21753558e-003	5.65189086e-001	
6.23307942e-003	5.60488801e-001	
6.24862326e-003	5.56190787e-001	
6.26416710e-003	5.51893489e-001	
6.27971094e-003	5.47596924e-001	
6.29525478e-003	5.43301109e-001	
6.31079862e-003	5.39006061e-001	
6.32634245e-003	5.34711800e-001	
6.34188629e-003	5.30418345e-001	
6.35743013e-003	5.26125715e-001	
6.37297397e-003	5.21906399e-001	
6.38851781e-003	5.17970289e-001	
6.40406165e-003	5.14034180e-001	
6.41960549e-003	5.10098072e-001	
6.43514933e-003	5.06161965e-001	
6.45069317e-003	5.02225859e-001	
6.46623700e-003	4.98289753e-001	
6.48178084e-003	4.94353649e-001	
6.49732468e-003	4.90417546e-001	
6.51286852e-003	4.87239575e-001	
6.52841236e-003	4.84223807e-001	
6.54395620e-003	4.81208038e-001	
6.55950004e-003	4.78192270e-001	
6.57504388e-003	4.75176502e-001	
6.59058772e-003	4.72160735e-001	
6.60613156e-003	4.69144968e-001	
6.62167539e-003	4.66129201e-001	
6.63721923e-003	4.63113435e-001	
6.65276307e-003	4.60097669e-001	
6.66830691e-003	4.57081904e-001	
6.68385075e-003	4.54066139e-001	
6.69939459e-003	4.51050374e-001	
6.71493843e-003	4.48034610e-001	
6.73048227e-003	4.45018847e-001	
6.74602611e-003	4.42003084e-001	
6.76156994e-003	4.38869048e-001	
6.77711378e-003	4.35188372e-001	
6.79265762e-003	4.31507996e-001	
6.80820146e-003	4.27827927e-001	
6.82374530e-003	4.24148173e-001	
6.83928914e-003	4.20736106e-001	
6.85483298e-003	4.18263501e-001	
6.87037682e-003	4.15791375e-001	
6.88592066e-003	4.13319737e-001	
6.90146450e-003	4.10848595e-001	
6.91700833e-003	4.08377958e-001	
6.93255217e-003	4.05907836e-001	
6.94809601e-003	4.03438239e-001	
6.96363985e-003	4.00969175e-001	
6.97918369e-003	3.98500655e-001	
6.99472753e-003	3.96032689e-001	
7.01027137e-003	3.93565287e-001	
7.02581521e-003	3.91098461e-001	
7.04135905e-003	3.88632220e-001	
7.05690288e-003	3.86166577e-001	
7.07244672e-003	3.83701542e-001	
7.08799056e-003	3.81237128e-001	
7.10353440e-003	3.78945350e-001	
7.11907824e-003	3.76929296e-001	
7.13462208e-003	3.74913338e-001	
7.15016592e-003	3.72897479e-001	
7.16570976e-003	3.70881719e-001	
7.18125360e-003	3.68866061e-001	
7.19679744e-003	3.66850506e-001	
7.21234127e-003	3.64835056e-001	
7.22788511e-003	3.62819713e-001	
7.24342895e-003	3.60804478e-001	
7.25897279e-003	3.58789353e-001	
7.27451663e-003	3.56607153e-001	
7.29006047e-003	3.54272073e-001	
7.30560431e-003	3.51937073e-001	
7.32114815e-003	3.49602157e-001	
7.33669199e-003	3.47267325e-001	
7.35223583e-003	3.44932580e-001	
7.36777966e-003	3.42597923e-001	
7.38332350e-003	3.40263356e-001	
7.39886734e-003	3.37928881e-001	
7.41441118e-003	3.35594500e-001	
7.42995502e-003	3.33260215e-001	
7.44549886e-003	3.30926027e-001	
7.46104270e-003	3.28591939e-001	
7.47658654e-003	3.26257954e-001	
7.49213038e-003	3.23924073e-001	
7.50767421e-003	3.22012894e-001	
7.52321805e-003	3.20543363e-001	
7.53876189e-003	3.19073832e-001	
7.55430573e-003	3.17604301e-001	
7.56984957e-003	3.16134770e-001	
7.58539341e-003	3.14665239e-001	
7.60093725e-003	3.13195709e-001	
7.61648109e-003	3.11726179e-001	
7.63202493e-003	3.10256649e-001	
7.64756877e-003	3.08787119e-001	
7.66311260e-003	3.07317590e-001	
7.67865644e-003	3.05848061e-001	
7.69420028e-003	3.04378532e-001	
7.70974412e-003	3.02909003e-001	
7.72528796e-003	3.01439475e-001	
7.74083180e-003	2.99969947e-001	
7.75637564e-003	2.98500419e-001	
7.77191948e-003	2.97030891e-001	
7.78746332e-003	2.95561364e-001	
7.80300715e-003	2.94091837e-001	
7.81855099e-003	2.92622310e-001	
7.83409483e-003	2.91152783e-001	
7.84963867e-003	2.89683257e-001	
7.86518251e-003	2.88213731e-001	
7.88072635e-003	2.86744206e-001	
7.89627019e-003	2.85274680e-001	
7.91181403e-003	2.83805155e-001	
7.92735787e-003	2.82335630e-001	
7.94290171e-003	2.80866106e-001	
7.95844554e-003	2.79396582e-001	
7.97398938e-003	2.77927058e-001	
7.98953322e-003	2.76457535e-001	
8.00507706e-003	2.74988012e-001	
8.02062090e-003	2.73518489e-001	
8.03616474e-003	2.72048967e-001	
8.05170858e-003	2.70579445e-001	
8.06725242e-003	2.69109923e-001	
8.08279626e-003	2.67640402e-001	
8.09834009e-003	2.66170881e-001	
8.11388393e-003	2.64608582e-001	
8.12942777e-003	2.63044390e-001	
8.14497161e-003	2.61480285e-001	
8.16051545e-003	2.59916269e-001	
8.17605929e-003	2.58352344e-001	
8.19160313e-003	2.56788510e-001	
8.20714697e-003	2.55224770e-001	
8.22269081e-003	2.53661125e-001	
8.23823465e-003	2.52341372e-001	
8.25377848e-003	2.51252928e-001	
8.26932232e-003	2.50164864e-001	
8.28486616e-003	2.49077185e-001	
8.30041000e-003	2.47989895e-001	
8.31595384e-003	2.46797981e-001	
8.33149768e-003	2.45601461e-001	
8.34704152e-003	2.44404948e-001	
8.36258536e-003	2.43208441e-001	
8.37812920e-003	2.42011940e-001	
8.39367303e-003	2.40815446e-001	
8.40921687e-003	2.39618959e-001	
8.42476071e-003	2.38422478e-001	
8.44030455e-003	2.37226004e-001	
8.45584839e-003	2.36029538e-001	
8.47139223e-003	2.34833078e-001	
8.48693607e-003	2.33636625e-001	
8.50247991e-003	2.32440180e-001	
8.51802375e-003	2.31243742e-001	
8.53356759e-003	2.30047311e-001	
8.54911142e-003	2.28850888e-001	
8.56465526e-003	2.27654473e-001	
8.58019910e-003	2.26458066e-001	
8.59574294e-003	2.25261666e-001	
8.61128678e-003	2.24065275e-001	
8.62683062e-003	2.22868892e-001	
8.64237446e-003	2.21672517e-001	
8.65791830e-003	2.20476151e-001	
8.67346214e-003	2.19279794e-001	
8.68900598e-003	2.18083445e-001	
8.70454981e-003	2.16887105e-001	
8.72009365e-003	2.15690774e-001	
8.73563749e-003	2.14494453e-001	
8.75118133e-003	2.13298141e-001	
8.76672517e-003	2.12101838e-001	
8.78226901e-003	2.10905545e-001	
8.79781285e-003	2.09709262e-001	
8.81335669e-003	2.08512989e-001	
8.82890053e-003	2.07316726e-001	
8.84444436e-003	2.06120474e-001	
8.85998820e-003	2.04924232e-001	
8.87553204e-003	2.03728001e-001	
8.89107588e-003	2.02531781e-001	
8.90661972e-003	2.01335572e-001	
8.92216356e-003	2.00139375e-001	
8.93770740e-003	1.98943189e-001	
8.95325124e-003	1.97747015e-001	
8.96879508e-003	1.96550852e-001	
8.98433892e-003	1.95469566e-001	
8.99988275e-003	1.94714839e-001	
9.01542659e-003	1.93960175e-001	
9.03097043e-003	1.93205572e-001	
9.04651427e-003	1.92451032e-001	
9.06205811e-003	1.91696557e-001	
9.07760195e-003	1.90996993e-001	
9.09314579e-003	1.90314433e-001	
9.10868963e-003	1.89631882e-001	
9.12423347e-003	1.88949342e-001	
9.13977730e-003	1.88266811e-001	
9.15532114e-003	1.87584290e-001	
9.17086498e-003	1.86901780e-001	
9.18640882e-003	1.86219280e-001	
9.20195266e-003	1.85536790e-001	
9.21749650e-003	1.84854311e-001	
9.23304034e-003	1.84171842e-001	
9.24858418e-003	1.83489384e-001	
9.26412802e-003	1.82806938e-001	
9.27967186e-003	1.82104425e-001	
9.29521569e-003	1.81399678e-001	
9.31075953e-003	1.80694943e-001	
9.32630337e-003	1.79990221e-001	
9.34184721e-003	1.79285511e-001	
9.35739105e-003	1.78580815e-001	
9.37293489e-003	1.77876131e-001	
9.38847873e-003	1.77171461e-001	
9.40402257e-003	1.76466804e-001	
9.41956641e-003	1.75762161e-001	
9.43511024e-003	1.75057531e-001	
9.45065408e-003	1.74352915e-001	
9.46619792e-003	1.73648313e-001	
9.48174176e-003	1.72943725e-001	
9.49728560e-003	1.72239151e-001	
9.51282944e-003	1.71534592e-001	
9.52837328e-003	1.70830048e-001	
9.54391712e-003	1.70125518e-001	
9.55946096e-003	1.69421004e-001	
9.57500480e-003	1.68716504e-001	
9.59054863e-003	1.68012021e-001	
9.60609247e-003	1.67307553e-001	
9.62163631e-003	1.66603100e-001	
9.63718015e-003	1.65905621e-001	
9.65272399e-003	1.65216288e-001	
9.66826783e-003	1.64526954e-001	
9.68381167e-003	1.63837621e-001	
9.69935551e-003	1.63148289e-001	
9.71489935e-003	1.62458957e-001	
9.73044318e-003	1.61769625e-001	
9.74598702e-003	1.61080294e-001	
9.76153086e-003	1.60390962e-001	
9.77707470e-003	1.59701632e-001	
9.79261854e-003	1.59012302e-001	
9.80816238e-003	1.58322972e-001	
9.82370622e-003	1.57633642e-001	
9.83925006e-003	1.56944313e-001	
9.85479390e-003	1.56254985e-001	
9.87033774e-003	1.55565656e-001	
9.88588157e-003	1.54876329e-001	
9.90142541e-003	1.54301689e-001	
9.91696925e-003	1.53743133e-001	
9.93251309e-003	1.53184597e-001	
9.94805693e-003	1.52626081e-001	
9.96360077e-003	1.52067587e-001	
9.97914461e-003	1.51509113e-001	
9.99468845e-003	1.50950660e-001	
1.00102323e-002	1.50392229e-001	
1.00257761e-002	1.49833820e-001	
1.00413200e-002	1.49275433e-001	
1.00568638e-002	1.48717068e-001	
1.00724076e-002	1.48158725e-001	
1.00879515e-002	1.47600406e-001	
1.01034953e-002	1.47042238e-001	
1.01190392e-002	1.46486509e-001	
1.01345830e-002	1.45930785e-001	
1.01501268e-002	1.45375065e-001	
1.01656707e-002	1.44819350e-001	
1.01812145e-002	1.44263640e-001	
1.01967584e-002	1.43707935e-001	
1.02123022e-002	1.43152236e-001	
1.02278460e-002	1.42596541e-001	
1.02433899e-002	1.42040851e-001	
1.02589337e-002	1.41485167e-001	
1.02744775e-002	1.40929487e-001	
1.02900214e-002	1.40373814e-001	
1.03055652e-002	1.39818145e-001	
1.03211091e-002	1.39262482e-001	
1.03366529e-002	1.38706825e-001	
1.03521967e-002	1.38151173e-001	
1.03677406e-002	1.37595527e-001	
1.03832844e-002	1.37039886e-001	
1.03988283e-002	1.36484251e-001	
1.04143721e-002	1.35928622e-001	
1.04299159e-002	1.35373000e-001	
1.04454598e-002	1.34817383e-001	
1.04610036e-002	1.34261772e-001	
1.04765475e-002	1.33706167e-001	
1.04920913e-002	1.33146293e-001	
1.05076351e-002	1.32599653e-001	
1.05231790e-002	1.32066408e-001	
1.05387228e-002	1.31533171e-001	
1.05542666e-002	1.30999943e-001	
1.05698105e-002	1.30466723e-001	
1.05853543e-002	1.29933512e-001	
1.06008982e-002	1.29400309e-001	
1.06164420e-002	1.28867115e-001	
1.06319858e-002	1.28333930e-001	
1.06475297e-002	1.27800753e-001	
1.06630735e-002	1.27267586e-001	
1.06786174e-002	1.26734428e-001	
1.06941612e-002	1.26201280e-001	
1.07097050e-002	1.25668140e-001	
1.07252489e-002	1.25135011e-001	
1.07407927e-002	1.24601890e-001	
1.07563366e-002	1.24068780e-001	
1.07718804e-002	1.23535680e-001	
1.07874242e-002	1.23005703e-001	
1.08029681e-002	1.22520308e-001	
1.08185119e-002	1.22034922e-001	
1.08340558e-002	1.21549544e-001	
1.08495996e-002	1.21064176e-001	
1.08651434e-002	1.20578817e-001	
1.08806873e-002	1.20093467e-001	
1.08962311e-002	1.19608126e-001	
1.09117749e-002	1.19122795e-001	
1.09273188e-002	1.18637473e-001	
1.09428626e-002	1.18152161e-001	
1.09584065e-002	1.17682262e-001	
1.09739503e-002	1.17237014e-001	
1.09894941e-002	1.16791766e-001	
1.10050380e-002	1.16346519e-001	
1.10205818e-002	1.15901271e-001	
1.10361257e-002	1.15456024e-001	
1.10516695e-002	1.15010777e-001	
1.10672133e-002	1.14569007e-001	
1.10827572e-002	1.14136698e-001	
1.10983010e-002	1.13704390e-001	
1.11138449e-002	1.13272082e-001	
1.11293887e-002	1.12839774e-001	
1.11449325e-002	1.12407466e-001	
1.11604764e-002	1.11975158e-001	
1.11760202e-002	1.11542850e-001	
1.11915640e-002	1.11110543e-001	
1.12071079e-002	1.10678235e-001	
1.12226517e-002	1.10245928e-001	
1.12381956e-002	1.09813621e-001	
1.12537394e-002	1.09388542e-001	
1.12692832e-002	1.08994777e-001	
1.12848271e-002	1.08603520e-001	
1.13003709e-002	1.08219299e-001	
1.13159148e-002	1.07835086e-001	
1.13314586e-002	1.07450881e-001	
1.13470024e-002	1.07066683e-001	
1.13625463e-002	1.06682493e-001	
1.13780901e-002	1.06297910e-001	
1.13936340e-002	1.05924756e-001	
1.14091778e-002	1.05591286e-001	
1.14247216e-002	1.05258609e-001	
1.14402655e-002	1.04925956e-001	
1.14558093e-002	1.04593330e-001	
1.14713531e-002	1.04228064e-001	
1.14868970e-002	1.03854584e-001	
1.15024408e-002	1.03447236e-001	
1.15179847e-002	1.03062744e-001	
1.15335285e-002	1.02678255e-001	
1.15490723e-002	1.02294591e-001	
1.15646162e-002	1.01916780e-001	
1.15801600e-002	1.01572954e-001	
1.15957039e-002	1.01229127e-001	
1.16112477e-002	1.00885301e-001	
1.16267915e-002	1.00508917e-001	
1.16423354e-002	1.00113571e-001	
1.16578792e-002	9.97182360e-002	
1.16734231e-002	9.93229117e-002	
1.16889669e-002	9.89275985e-002	
1.17045107e-002	9.85417133e-002	
1.17200546e-002	9.81603872e-002	
1.17355984e-002	9.77697228e-002	
1.17511422e-002	9.73578605e-002	
1.17666861e-002	9.69460207e-002	
1.17822299e-002	9.65342036e-002	
1.17977738e-002	9.61224096e-002	
1.18133176e-002	9.57595885e-002	
1.18288614e-002	9.54407638e-002	
1.18444053e-002	9.51219392e-002	
1.18599491e-002	9.48031147e-002	
1.18754930e-002	9.44842903e-002	
1.18910368e-002	9.41654658e-002	
1.19065806e-002	9.38466415e-002	
1.19221245e-002	9.35278172e-002	
1.19376683e-002	9.32089929e-002	
1.19532122e-002	9.28901688e-002	
1.19687560e-002	9.25510804e-002	
1.19842998e-002	9.22005737e-002	
1.19998437e-002	9.18500672e-002	
1.20153875e-002	9.14995610e-002	
1.20309314e-002	9.11512066e-002	
1.20464752e-002	9.08171423e-002	
1.20620190e-002	9.04830798e-002	
1.20775629e-002	9.01490189e-002	
1.20931067e-002	8.98149597e-002	
1.21086505e-002	8.94809023e-002	
1.21241944e-002	8.91468467e-002	
1.21397382e-002	8.88127928e-002	
1.21552821e-002	8.84787407e-002	
1.21708259e-002	8.81446905e-002	
1.21863697e-002	8.78106421e-002	
1.22019136e-002	8.74765955e-002	
1.22174574e-002	8.71512060e-002	
1.22330013e-002	8.68539664e-002	
1.22485451e-002	8.65567268e-002	
1.22640889e-002	8.62594872e-002	
1.22796328e-002	8.59622476e-002	
1.22951766e-002	8.56604089e-002	
1.23107205e-002	8.53440442e-002	
1.23262643e-002	8.50276802e-002	
1.23418081e-002	8.47113170e-002	
1.23573520e-002	8.43949545e-002	
1.23728958e-002	8.40785929e-002	
1.23884396e-002	8.37622320e-002	
1.24039835e-002	8.34458720e-002	
1.24195273e-002	8.31295127e-002	
1.24350712e-002	8.28131543e-002	
1.24506150e-002	8.24967967e-002	
1.24661588e-002	8.21804399e-002	
1.24817027e-002	8.18640840e-002	
1.24972465e-002	8.15671417e-002	
1.25127904e-002	8.12888225e-002	
1.25283342e-002	8.10105043e-002	
1.25438780e-002	8.07321873e-002	
1.25594219e-002	8.04655232e-002	
1.25749657e-002	8.02169432e-002	
1.25905096e-002	7.99683666e-002	
1.26060534e-002	7.97197932e-002	
1.26215972e-002	7.94712233e-002	
1.26371411e-002	7.92226567e-002	
1.26526849e-002	7.89740936e-002	
1.26682287e-002	7.87255340e-002	
1.26837726e-002	7.84769779e-002	
1.26993164e-002	7.82284253e-002	
1.27148603e-002	7.79798762e-002	
1.27304041e-002	7.77313308e-002	
1.27459479e-002	7.74827890e-002	
1.27614918e-002	7.72342509e-002	
1.27770356e-002	7.69857165e-002	
1.27925795e-002	7.67371858e-002	
1.28081233e-002	7.64886589e-002	
1.28236671e-002	7.62401359e-002	
1.28392110e-002	7.59916167e-002	
1.28547548e-002	7.57431014e-002	
1.28702987e-002	7.54945900e-002	
1.28858425e-002	7.52460826e-002	
1.29013863e-002	7.49975791e-002	
1.29169302e-002	7.47490798e-002	
1.29324740e-002	7.45005845e-002	
1.29480178e-002	7.42318125e-002	
1.29635617e-002	7.39537709e-002	
1.29791055e-002	7.36757321e-002	
1.29946494e-002	7.33957102e-002	
1.30101932e-002	7.31069608e-002	
1.30257370e-002	7.28182267e-002	
1.30412809e-002	7.25295082e-002	
1.30568247e-002	7.22408053e-002	
1.30723686e-002	7.19521183e-002	
1.30879124e-002	7.16634473e-002	
1.31034562e-002	7.13747927e-002	
1.31190001e-002	7.10861545e-002	
1.31345439e-002	7.07975329e-002	
1.31500878e-002	7.05089283e-002	
1.31656316e-002	7.02203407e-002	
1.31811754e-002	6.99317704e-002	
1.31967193e-002	6.96432176e-002	
1.32122631e-002	6.93546825e-002	
1.32278069e-002	6.90661654e-002	
1.32433508e-002	6.87776664e-002	
1.32588946e-002	6.84891859e-002	
1.32744385e-002	6.82007239e-002	
1.32899823e-002	6.79122809e-002	
1.33055261e-002	6.76238569e-002	
1.33210700e-002	6.73354523e-002	
1.33366138e-002	6.70470674e-002	
1.33521577e-002	6.67587022e-002	
1.33677015e-002	6.64703572e-002	
1.33832453e-002	6.61820326e-002	
1.33987892e-002	6.58937287e-002	
1.34143330e-002	6.56054456e-002	
1.34298769e-002	6.53179780e-002	
1.34454207e-002	6.50756329e-002	
1.34609645e-002	6.48332905e-002	
1.34765084e-002	6.45909509e-002	
1.34920522e-002	6.43486140e-002	
1.35075961e-002	6.41062798e-002	
1.35231399e-002	6.38639485e-002	
1.35386837e-002	6.36374698e-002	
1.35542276e-002	6.34158215e-002	
1.35697714e-002	6.31941732e-002	
1.35853152e-002	6.29725251e-002	
1.36008591e-002	6.27508769e-002	
1.36164029e-002	6.25292289e-002	
1.36319468e-002	6.23075808e-002	
1.36474906e-002	6.20859329e-002	
1.36630344e-002	6.18642850e-002	
1.36785783e-002	6.16426371e-002	
1.36941221e-002	6.14209893e-002	
1.37096660e-002	6.11993416e-002	
1.37252098e-002	6.09776939e-002	
1.37407536e-002	6.07560462e-002	
1.37562975e-002	6.05343987e-002	
1.37718413e-002	6.03127512e-002	
1.37873852e-002	6.00911037e-002	
1.38029290e-002	5.98694563e-002	
1.38184728e-002	5.96478090e-002	
1.38340167e-002	5.94261617e-002	
1.38495605e-002	5.92045145e-002	
1.38651043e-002	5.89828674e-002	
1.38806482e-002	5.87612203e-002	
1.38961920e-002	5.85395733e-002	
1.39117359e-002	5.83179263e-002	
1.39272797e-002	5.80962794e-002	
1.39428235e-002	5.78746326e-002	
1.39583674e-002	5.76529859e-002	
1.39739112e-002	5.74500625e-002	
1.39894551e-002	5.72640808e-002	
1.40049989e-002	5.70780995e-002	
1.40205427e-002	5.68921187e-002	
1.40360866e-002	5.67061383e-002	
1.40516304e-002	5.65201584e-002	
1.40671743e-002	5.63365659e-002	
1.40827181e-002	5.61555876e-002	
1.40982619e-002	5.59746099e-002	
1.41138058e-002	5.57936329e-002	
1.41293496e-002	5.56126566e-002	
1.41448934e-002	5.54316810e-002	
1.41604373e-002	5.52507060e-002	
1.41759811e-002	5.50697318e-002	
1.41915250e-002	5.48887582e-002	
1.42070688e-002	5.47077854e-002	
1.42226126e-002	5.45268133e-002	
1.42381565e-002	5.43458419e-002	
1.42537003e-002	5.41648712e-002	
1.42692442e-002	5.39839013e-002	
1.42847880e-002	5.38029322e-002	
1.43003318e-002	5.36219637e-002	
1.43158757e-002	5.34409961e-002	
1.43314195e-002	5.32600292e-002	
1.43469634e-002	5.30790631e-002	
1.43625072e-002	5.28980978e-002	
1.43780510e-002	5.27171332e-002	
1.43935949e-002	5.25361695e-002	
1.44091387e-002	5.23552066e-002	
1.44246825e-002	5.21742445e-002	
1.44402264e-002	5.19932832e-002	
1.44557702e-002	5.18123228e-002	
1.44713141e-002	5.16313632e-002	
1.44868579e-002	5.14671769e-002	
1.45024017e-002	5.13086087e-002	
1.45179456e-002	5.11500409e-002	
1.45334894e-002	5.09762823e-002	
1.45490333e-002	5.08005578e-002	
1.45645771e-002	5.06248334e-002	
1.45801209e-002	5.04491091e-002	
1.45956648e-002	5.02733849e-002	
1.46112086e-002	5.00976608e-002	
1.46267525e-002	4.99219368e-002	
1.46422963e-002	4.97462129e-002	
1.46578401e-002	4.95704890e-002	
1.46733840e-002	4.93947653e-002	
1.46889278e-002	4.92190416e-002	
1.47044717e-002	4.90410392e-002	
1.47200155e-002	4.88585791e-002	
1.47355593e-002	4.86761474e-002	
1.47511032e-002	4.84937444e-002	
1.47666470e-002	4.83170377e-002	
1.47821908e-002	4.81420379e-002	
1.47977347e-002	4.79670401e-002	
1.48132785e-002	4.77920442e-002	
1.48288224e-002	4.76170504e-002	
1.48443662e-002	4.74420585e-002	
1.48599100e-002	4.72670687e-002	
1.48754539e-002	4.70920810e-002	
1.48909977e-002	4.69170953e-002	
1.49065416e-002	4.67421118e-002	
1.49220854e-002	4.65671304e-002	
1.49376292e-002	4.63921511e-002	
1.49531731e-002	4.62171741e-002	
1.49687169e-002	4.60486936e-002	
1.49842608e-002	4.58807322e-002	
1.49998046e-002	4.57127760e-002	
1.50153484e-002	4.55448249e-002	
1.50308923e-002	4.53768790e-002	
1.50464361e-002	4.52089385e-002	
1.50619799e-002	4.50452895e-002	
1.50775238e-002	4.48992444e-002	
1.50930676e-002	4.47531993e-002	
1.51086115e-002	4.46071543e-002	
1.51241553e-002	4.44611093e-002	
1.51396991e-002	4.43150643e-002	
1.51552430e-002	4.41690194e-002	
1.51707868e-002	4.40229746e-002	
1.51863307e-002	4.38769297e-002	
1.52018745e-002	4.37155439e-002	
1.52174183e-002	4.35535543e-002	
1.52329622e-002	4.33915677e-002	
1.52485060e-002	4.32295840e-002	
1.52640499e-002	4.30676034e-002	
1.52795937e-002	4.29056258e-002	
1.52951375e-002	4.27484828e-002	
1.53106814e-002	4.26048965e-002	
1.53262252e-002	4.24613138e-002	
1.53417690e-002	4.23200818e-002	
1.53573129e-002	4.21788868e-002	
1.53728567e-002	4.20376977e-002	
1.53884006e-002	4.18979268e-002	
1.54039444e-002	4.17566906e-002	
1.54194882e-002	4.16154077e-002	
1.54350321e-002	4.14741249e-002	
1.54505759e-002	4.13318112e-002	
1.54661198e-002	4.11879851e-002	
1.54816636e-002	4.10490241e-002	
1.54972074e-002	4.09146217e-002	
1.55127513e-002	4.07978087e-002	
1.55282951e-002	4.06818527e-002	
1.55438390e-002	4.05573905e-002	
1.55593828e-002	4.04307366e-002	
1.55749266e-002	4.03040852e-002	
1.55904705e-002	4.01648127e-002	
1.56060143e-002	4.00238654e-002	
1.56215581e-002	3.98829222e-002	
1.56371020e-002	3.97402553e-002	
1.56526458e-002	3.95964913e-002	
1.56681897e-002	3.94527279e-002	
1.56837335e-002	3.93089651e-002	
1.56992773e-002	3.91670109e-002	
1.57148212e-002	3.90257702e-002	
1.57303650e-002	3.88845298e-002	
1.57459089e-002	3.87432894e-002	
1.57614527e-002	3.86020493e-002	
1.57769965e-002	3.84608093e-002	
1.57925404e-002	3.83181796e-002	
1.58080842e-002	3.81635947e-002	
1.58236281e-002	3.80090103e-002	
1.58391719e-002	3.78544266e-002	
1.58547157e-002	3.76998434e-002	
1.58702596e-002	3.75452608e-002	
1.58858034e-002	3.74039974e-002	
1.59013472e-002	3.72748432e-002	
1.59168911e-002	3.71456899e-002	
1.59324349e-002	3.70165372e-002	
1.59479788e-002	3.68873853e-002	
1.59635226e-002	3.67582342e-002	
1.59790664e-002	3.66290839e-002	
1.59946103e-002	3.64999344e-002	
1.60101541e-002	3.63707856e-002	
1.60256980e-002	3.62425776e-002	
1.60412418e-002	3.61194233e-002	
1.60567856e-002	3.59962697e-002	
1.60723295e-002	3.58731170e-002	
1.60878733e-002	3.57499650e-002	
1.61034172e-002	3.56268138e-002	
1.61189610e-002	3.55036634e-002	
1.61345048e-002	3.53805138e-002	
1.61500487e-002	3.52573650e-002	
1.61655925e-002	3.51238884e-002	
1.61811364e-002	3.49882826e-002	
1.61966802e-002	3.48526770e-002	
1.62122240e-002	3.47170717e-002	
1.62277679e-002	3.45814666e-002	
1.62433117e-002	3.44458617e-002	
1.62588555e-002	3.43102571e-002	
1.62743994e-002	3.41746528e-002	
1.62899432e-002	3.40390487e-002	
1.63054871e-002	3.39287046e-002	
1.63210309e-002	3.38193425e-002	
1.63365747e-002	3.37099808e-002	
1.63521186e-002	3.36006194e-002	
1.63676624e-002	3.34912585e-002	
1.63832063e-002	3.33818979e-002	
1.63987501e-002	3.32725377e-002	
1.64142939e-002	3.31631779e-002	
1.64298378e-002	3.30538185e-002	
1.64453816e-002	3.29349998e-002	
1.64609255e-002	3.28159938e-002	
1.64764693e-002	3.26969879e-002	
1.64920131e-002	3.25779820e-002	
1.65075570e-002	3.24589763e-002	
1.65231008e-002	3.23399706e-002	
1.65386446e-002	3.22209650e-002	
1.65541885e-002	3.21019594e-002	
1.65697323e-002	3.19829540e-002	
1.65852762e-002	3.18639487e-002	
1.66008200e-002	3.17449434e-002	
1.66163638e-002	3.16259382e-002	
1.66319077e-002	3.15069331e-002	
1.66474515e-002	3.13879281e-002	
1.66629954e-002	3.12689231e-002	
1.66785392e-002	3.11499183e-002	
1.66940830e-002	3.10309136e-002	
1.67096269e-002	3.09119089e-002	
1.67251707e-002	3.07929043e-002	
1.67407146e-002	3.06738999e-002	
1.67562584e-002	3.05548955e-002	
1.67718022e-002	3.04358147e-002	
1.67873461e-002	3.03148619e-002	
1.68028899e-002	3.01939133e-002	
1.68184337e-002	3.00729690e-002	
1.68339776e-002	2.99520291e-002	
1.68495214e-002	2.98310936e-002	
1.68650653e-002	2.97186322e-002	
1.68806091e-002	2.96214819e-002	
1.68961529e-002	2.95243315e-002	
1.69116968e-002	2.94271812e-002	
1.69272406e-002	2.93300309e-002	
1.69427845e-002	2.92328806e-002	
1.69583283e-002	2.91357302e-002	
1.69738721e-002	2.90385799e-002	
1.69894160e-002	2.89414296e-002	
1.70049598e-002	2.88442793e-002	
1.70205037e-002	2.87471290e-002	
1.70360475e-002	2.86499787e-002	
1.70515913e-002	2.85528285e-002	
1.70671352e-002	2.84556782e-002	
1.70826790e-002	2.83585279e-002	
1.70982228e-002	2.82613776e-002	
1.71137667e-002	2.81642274e-002	
1.71293105e-002	2.80670771e-002	
1.71448544e-002	2.79699268e-002	
1.71603982e-002	2.78727766e-002	
1.71759420e-002	2.77756263e-002	
1.71914859e-002	2.76784761e-002	
1.72070297e-002	2.75813259e-002	
1.72225736e-002	2.74828525e-002	
1.72381174e-002	2.73841043e-002	
1.72536612e-002	2.72853561e-002	
1.72692051e-002	2.71866078e-002	
1.72847489e-002	2.70878596e-002	
1.73002928e-002	2.69891114e-002	
1.73158366e-002	2.68903632e-002	
1.73313804e-002	2.67916150e-002	
1.73469243e-002	2.66928668e-002	
1.73624681e-002	2.65941186e-002	
1.73780120e-002	2.64953704e-002	
1.73935558e-002	2.63966222e-002	
1.74090996e-002	2.62978740e-002	
1.74246435e-002	2.61991258e-002	
1.74401873e-002	2.61003776e-002	
1.74557311e-002	2.60016294e-002	
1.74712750e-002	2.59028812e-002	
1.74868188e-002	2.58041330e-002	
1.75023627e-002	2.57053848e-002	
1.75179065e-002	2.56066366e-002	
1.75334503e-002	2.55078885e-002	
1.75489942e-002	2.54091403e-002	
1.75645380e-002	2.53103921e-002	
1.75800819e-002	2.52116439e-002	
1.75956257e-002	2.51128958e-002	
1.76111695e-002	2.50141476e-002	
1.76267134e-002	2.49153994e-002	
1.76422572e-002	2.48166512e-002	
1.76578011e-002	2.47179031e-002	
1.76733449e-002	2.46191549e-002	
1.76888887e-002	2.45204068e-002	
1.77044326e-002	2.44216586e-002	
1.77199764e-002	2.43229105e-002	
1.77355202e-002	2.42241623e-002	
1.77510641e-002	2.41254142e-002	
1.77666079e-002	2.40266660e-002	
1.77821518e-002	2.39279179e-002	
1.77976956e-002	2.38291697e-002	
1.78132394e-002	2.37304216e-002	
1.78287833e-002	2.36316735e-002	
1.78443271e-002	2.35329253e-002	
1.78598710e-002	2.34341772e-002	
1.78754148e-002	2.33358946e-002	
1.78909586e-002	2.32398464e-002	
1.79065025e-002	2.31437986e-002	
1.79220463e-002	2.30477512e-002	
1.79375902e-002	2.29517041e-002	
1.79531340e-002	2.28556575e-002	
1.79686778e-002	2.27596112e-002	
1.79842217e-002	2.26635654e-002	
1.79997655e-002	2.25675199e-002	
1.80153093e-002	2.24714749e-002	
1.80308532e-002	2.23754303e-002	
1.80463970e-002	2.22793861e-002	
1.80619409e-002	2.21833423e-002	
1.80774847e-002	2.20892835e-002	
1.80930285e-002	2.19981622e-002	
1.81085724e-002	2.19070417e-002	
1.81241162e-002	2.18159221e-002	
1.81396601e-002	2.17248033e-002	
1.81552039e-002	2.16336853e-002	
1.81707477e-002	2.15425681e-002	
1.81862916e-002	2.14514519e-002	
1.82018354e-002	2.13603365e-002	
1.82173793e-002	2.12692219e-002	
1.82329231e-002	2.11781083e-002	
1.82484669e-002	2.10869956e-002	
1.82640108e-002	2.09958838e-002	
1.82795546e-002	2.09047729e-002	
1.82950984e-002	2.08136630e-002	
1.83106423e-002	2.07225540e-002	
1.83261861e-002	2.06314460e-002	
1.83417300e-002	2.05403389e-002	
1.83572738e-002	2.04492329e-002	
1.83728176e-002	2.03581278e-002	
1.83883615e-002	2.02670238e-002	
1.84039053e-002	2.01759208e-002	
1.84194492e-002	2.00848189e-002	
1.84349930e-002	1.99937180e-002	
1.84505368e-002	1.99064948e-002	
1.84660807e-002	1.98216690e-002	
1.84816245e-002	1.97368437e-002	
1.84971684e-002	1.96520188e-002	
1.85127122e-002	1.95671945e-002	
1.85282560e-002	1.94823707e-002	
1.85437999e-002	1.93975474e-002	
1.85593437e-002	1.93127247e-002	
1.85748875e-002	1.92279025e-002	
1.85904314e-002	1.91430808e-002	
1.86059752e-002	1.90582597e-002	
1.86215191e-002	1.89734392e-002	
1.86370629e-002	1.88886192e-002	
1.86526067e-002	1.88037998e-002	
1.86681506e-002	1.87189810e-002	
1.86836944e-002	1.86341628e-002	
1.86992383e-002	1.85493451e-002	
1.87147821e-002	1.84645281e-002	
1.87303259e-002	1.83797117e-002	
1.87458698e-002	1.82948959e-002	
1.87614136e-002	1.82100808e-002	
1.87769575e-002	1.81252663e-002	
1.87925013e-002	1.80404524e-002	
1.88080451e-002	1.79556392e-002	
1.88235890e-002	1.78708267e-002	
1.88391328e-002	1.77860149e-002	
1.88546767e-002	1.77012037e-002	
1.88702205e-002	1.76163933e-002	
1.88857643e-002	1.75315835e-002	
1.89013082e-002	1.74467745e-002	
1.89168520e-002	1.73619662e-002	
1.89323958e-002	1.72771587e-002	
1.89479397e-002	1.71923519e-002	
1.89634835e-002	1.71075458e-002	
1.89790274e-002	1.70227406e-002	
1.89945712e-002	1.69379361e-002	
1.90101150e-002	1.68531324e-002	
1.90256589e-002	1.67683296e-002	
1.90412027e-002	1.66835275e-002	
1.90567466e-002	1.65987263e-002	
1.90722904e-002	1.65139260e-002	
1.90878342e-002	1.64291265e-002	
1.91033781e-002	1.63449946e-002	
1.91189219e-002	1.62620071e-002	
1.91344658e-002	1.61790322e-002	
1.91500096e-002	1.60960701e-002	
1.91655534e-002	1.60131208e-002	
1.91810973e-002	1.59301848e-002	
1.91966411e-002	1.58472620e-002	
1.92121849e-002	1.57643529e-002	
1.92277288e-002	1.56814575e-002	
1.92432726e-002	1.55985761e-002	
1.92588165e-002	1.55157089e-002	
1.92743603e-002	1.54328561e-002	
1.92899041e-002	1.53500181e-002	
1.93054480e-002	1.52671949e-002	
1.93209918e-002	1.51983136e-002	
1.93365357e-002	1.51313608e-002	
1.93520795e-002	1.50644081e-002	
1.93676233e-002	1.49974555e-002	
1.93831672e-002	1.49305031e-002	
1.93987110e-002	1.48635509e-002	
1.94142549e-002	1.47965988e-002	
1.94297987e-002	1.47296469e-002	
1.94453425e-002	1.46626951e-002	
1.94608864e-002	1.45957436e-002	
1.94764302e-002	1.45287922e-002	
1.94919740e-002	1.44618409e-002	
1.95075179e-002	1.43948899e-002	
1.95230617e-002	1.43279390e-002	
1.95386056e-002	1.42609883e-002	
1.95541494e-002	1.41940378e-002	
1.95696932e-002	1.41270874e-002	
1.95852371e-002	1.40601373e-002	
1.96007809e-002	1.39931873e-002	
1.96163248e-002	1.39262376e-002	
1.96318686e-002	1.38592880e-002	
1.96474124e-002	1.37923387e-002	
1.96629563e-002	1.37253895e-002	
1.96785001e-002	1.36584405e-002	
1.96940440e-002	1.35914918e-002	
1.97095878e-002	1.35245433e-002	
1.97251316e-002	1.34575949e-002	
1.97406755e-002	1.33906468e-002	
1.97562193e-002	1.33236990e-002	
1.97717631e-002	1.32567513e-002	
1.97873070e-002	1.31898039e-002	
1.98028508e-002	1.31228567e-002	
1.98183947e-002	1.30559097e-002	
1.98339385e-002	1.29889630e-002	
1.98494823e-002	1.29220165e-002	
1.98650262e-002	1.28550703e-002	
1.98805700e-002	1.27881243e-002	
1.98961139e-002	1.27211785e-002	
1.99116577e-002	1.26542331e-002	
1.99272015e-002	1.25872878e-002	
1.99427454e-002	1.25203429e-002	
1.99582892e-002	1.24533982e-002	
1.99738331e-002	1.23864538e-002	
1.99893769e-002	1.23195097e-002	
2.00049207e-002	1.22525658e-002	
2.00204646e-002	1.21856223e-002	
2.00360084e-002	1.21186790e-002	
2.00515523e-002	1.20517361e-002	
2.00670961e-002	1.19847934e-002	
2.00826399e-002	1.19178511e-002	
2.00981838e-002	1.18509090e-002	
2.01137276e-002	1.17839673e-002	
2.01292714e-002	1.17170259e-002	
2.01448153e-002	1.16500849e-002	
2.01603591e-002	1.15831441e-002	
2.01759030e-002	1.15162037e-002	
2.01914468e-002	1.14492637e-002	
2.02069906e-002	1.13823240e-002	
2.02225345e-002	1.13153847e-002	
2.02380783e-002	1.12484457e-002	
2.02536222e-002	1.11815071e-002	
2.02691660e-002	1.11145689e-002	
2.02847098e-002	1.10476311e-002	
2.03002537e-002	1.09806937e-002	
2.03157975e-002	1.09137567e-002	
2.03313414e-002	1.08468200e-002	
2.03468852e-002	1.07798838e-002	
2.03624290e-002	1.07129481e-002	
2.03779729e-002	1.06460127e-002	
2.03935167e-002	1.05790778e-002	
2.04090605e-002	1.05121433e-002	
2.04246044e-002	1.04452093e-002	
2.04401482e-002	1.03782758e-002	
2.04556921e-002	1.03113427e-002	
2.04712359e-002	1.02444102e-002	
2.04867797e-002	1.01774781e-002	
2.05023236e-002	1.01105465e-002	
2.05178674e-002	1.00436154e-002	
2.05334113e-002	9.97668487e-003	
2.05489551e-002	9.90975486e-003	
2.05644989e-002	9.84282539e-003	
2.05800428e-002	9.77589648e-003	
2.05955866e-002	9.70896814e-003	
2.06111305e-002	9.64204038e-003	
2.06266743e-002	9.57511321e-003	
2.06422181e-002	9.50818664e-003	
2.06577620e-002	9.44126069e-003	
2.06733058e-002	9.37433537e-003	
2.06888496e-002	9.30741070e-003	
2.07043935e-002	9.24048668e-003	
2.07199373e-002	9.17356334e-003	
2.07354812e-002	9.10664068e-003	
2.07510250e-002	9.04516506e-003	
2.07665688e-002	8.98386168e-003	
2.07821127e-002	8.92255841e-003	
2.07976565e-002	8.86125525e-003	
2.08132004e-002	8.79995220e-003	
2.08287442e-002	8.73864927e-003	
2.08442880e-002	8.67734645e-003	
2.08598319e-002	8.61739101e-003	
2.08753757e-002	8.55795890e-003	
2.08909196e-002	8.49852760e-003	
2.09064634e-002	8.43909711e-003	
2.09220072e-002	8.37966745e-003	
2.09375511e-002	8.32023865e-003	
2.09530949e-002	8.26081072e-003	
2.09686387e-002	8.20138368e-003	
2.09841826e-002	8.14195755e-003	
2.09997264e-002	8.08253234e-003	
2.10152703e-002	8.02310809e-003	
2.10308141e-002	7.96368481e-003	
2.10463579e-002	7.90426252e-003	
2.10619018e-002	7.84484125e-003	
2.10774456e-002	7.78542101e-003	
2.10929895e-002	7.72600184e-003	
2.11085333e-002	7.66658376e-003	
2.11240771e-002	7.60716679e-003	
2.11396210e-002	7.54775096e-003	
2.11551648e-002	7.48833629e-003	
2.11707087e-002	7.42892282e-003	
2.11862525e-002	7.36951058e-003	
2.12017963e-002	7.31009959e-003	
2.12173402e-002	7.25068988e-003	
2.12328840e-002	7.19128148e-003	
2.12484278e-002	7.13187444e-003	
2.12639717e-002	7.07246878e-003	
2.12795155e-002	7.01306453e-003	
2.12950594e-002	6.95366174e-003	
2.13106032e-002	6.89426045e-003	
2.13261470e-002	6.83486068e-003	
2.13416909e-002	6.77546248e-003	
2.13572347e-002	6.71606590e-003	
2.13727786e-002	6.65667097e-003	
2.13883224e-002	6.59727774e-003	
2.14038662e-002	6.53788626e-003	
2.14194101e-002	6.47849658e-003	
2.14349539e-002	6.41910874e-003	
2.14504978e-002	6.35972279e-003	
2.14660416e-002	6.30033880e-003	
2.14815854e-002	6.24095681e-003	
2.14971293e-002	6.18157689e-003	
2.15126731e-002	6.12219908e-003	
2.15282170e-002	6.06282347e-003	
2.15437608e-002	6.00345010e-003	
2.15593046e-002	5.94407906e-003	
2.15748485e-002	5.88471040e-003	
2.15903923e-002	5.82534420e-003	
2.16059361e-002	5.76598054e-003	
2.16214800e-002	5.70661950e-003	
2.16370238e-002	5.64726116e-003	
2.16525677e-002	5.58790560e-003	
2.16681115e-002	5.52855292e-003	
2.16836553e-002	5.46920320e-003	
2.16991992e-002	5.40985655e-003	
2.17147430e-002	5.35051307e-003	
2.17302869e-002	5.29606719e-003	
2.17458307e-002	5.24251775e-003	
2.17613745e-002	5.18888206e-003	
2.17769184e-002	5.13520164e-003	
2.17924622e-002	5.08152616e-003	
2.18080061e-002	5.02785577e-003	
2.18235499e-002	4.97419063e-003	
2.18390937e-002	4.92053093e-003	
2.18546376e-002	4.86687683e-003	
2.18701814e-002	4.81322853e-003	
2.18857252e-002	4.75958622e-003	
2.19012691e-002	4.70595011e-003	
2.19168129e-002	4.65232041e-003	
2.19323568e-002	4.59869735e-003	
2.19479006e-002	4.54508116e-003	
2.19634444e-002	4.49147209e-003	
2.19789883e-002	4.43787039e-003	
2.19945321e-002	4.38427633e-003	
2.20100760e-002	4.33069021e-003	
2.20256198e-002	4.27711231e-003	
2.20411636e-002	4.22354295e-003	
2.20567075e-002	4.16998246e-003	
2.20722513e-002	4.11643119e-003	
2.20877952e-002	4.06288950e-003	
2.21033390e-002	4.00935777e-003	
2.21188828e-002	3.95583641e-003	
2.21344267e-002	3.90232585e-003	
2.21499705e-002	3.84882653e-003	
2.21655143e-002	3.79533893e-003	
2.21810582e-002	3.74186355e-003	
2.21966020e-002	3.68840093e-003	
2.22121459e-002	3.63495163e-003	
2.22276897e-002	3.58329606e-003	
2.22432335e-002	3.53425654e-003	
2.22587774e-002	3.48522735e-003	
2.22743212e-002	3.43620892e-003	
2.22898651e-002	3.38720173e-003	
2.23054089e-002	3.33820628e-003	
2.23209527e-002	3.28922307e-003	
2.23364966e-002	3.24025268e-003	
2.23520404e-002	3.19129569e-003	
2.23675843e-002	3.14235273e-003	
2.23831281e-002	3.09342446e-003	
2.23986719e-002	3.04451159e-003	
2.24142158e-002	2.99561487e-003	
2.24297596e-002	2.94627285e-003	
2.24453034e-002	2.89194621e-003	
2.24608473e-002	2.83767528e-003	
2.24763911e-002	2.78346332e-003	
2.24919350e-002	2.72931385e-003	
2.25074788e-002	2.67523065e-003	
2.25230226e-002	2.62121784e-003	
2.25385665e-002	2.56727985e-003	
2.25541103e-002	2.51342149e-003	
2.25696542e-002	2.45964801e-003	
2.25851980e-002	2.40596510e-003	
2.26007418e-002	2.35237894e-003	
2.26162857e-002	2.29889631e-003	
2.26318295e-002	2.24606179e-003	
2.26473734e-002	2.19363032e-003	
2.26629172e-002	2.14119893e-003	
2.26784610e-002	2.08876762e-003	
2.26940049e-002	2.03633640e-003	
2.27095487e-002	1.98390527e-003	
2.27250926e-002	1.93147425e-003	
2.27406364e-002	1.87904335e-003	
2.27561802e-002	1.82661256e-003	
2.27717241e-002	1.77401296e-003	
2.27872679e-002	1.72076250e-003	
2.28028117e-002	1.66751210e-003	
2.28183556e-002	1.61426175e-003	
2.28338994e-002	1.56101147e-003	
2.28494433e-002	1.50776125e-003	
2.28649871e-002	1.45451110e-003	
2.28805309e-002	1.40126104e-003	
2.28960748e-002	1.34801107e-003	
2.29116186e-002	1.29476121e-003	
2.29271625e-002	1.24236731e-003	
2.29427063e-002	1.19489373e-003	
2.29582501e-002	1.14745829e-003	
2.29737940e-002	1.10006593e-003	
2.29893378e-002	1.05272248e-003	
2.30048817e-002	1.00543482e-003	
2.30204255e-002	9.58211239e-004	
2.30359693e-002	9.04026225e-004	
2.30515132e-002	8.48550438e-004	
2.30670570e-002	7.93121401e-004	
2.30826008e-002	7.37749649e-004	
2.30981447e-002	6.82449128e-004	
2.31136885e-002	6.22842109e-004	
2.31292324e-002	5.61834636e-004	
2.31447762e-002	5.02881212e-004	
2.31603200e-002	4.52918489e-004	
2.31758639e-002	4.03132906e-004	
2.31914077e-002	3.53599292e-004	
2.32069516e-002	3.04431200e-004	
2.32224954e-002	2.55927466e-004	
2.32380392e-002	2.09377724e-004	
2.32535831e-002	1.69800998e-004	
2.32691269e-002	1.38056048e-004	
2.32846708e-002	1.15803375e-004	
2.33002146e-002	1.01196027e-004	
